1000
304 306
454 577
524 847
768 495
798 462
472 639
774 450
87 526
244 167
598 422
710 435
369 525
806 745
575 370
268 687
60 858
68 153
995 256
742 368
702 68
562 619
630 502
871 282
930 786
185 171
340 693
513 739
70 815
210 186
276 310
179 850
906 797
734 481
510 859
498 239
55 737
968 416
856 208
2 785
486 234
264 550
578 485
457 653
639 68
614 873
349 843
175 662
570 317
155 634
180 74
442 168
521 960
614 627
400 798
857 947
586 673
20 164
676 669
661 622
638 141
371 52
623 299
429 349
949 432
659 114
17 920
157 467
742 422
354 349
872 244
519 309
359 708
367 620
955 657
353 255
869 410
668 512
938 56
482 638
322 595
353 223
146 381
250 864
449 728
813 426
309 92
966 134
74 925
117 602
331 675
537 455
942 791
67 972
692 817
260 643
159 793
670 140
869 377
820 196
472 978
857 549
486 339
180 917
653 768
581 800
406 919
936 113
479 317
430 849
280 751
257 986
463 419
239 668
791 414
899 61
503 547
885 861
785 106
76 914
11 158
564 39
604 572
643 316
372 249
516 616
913 792
78 323
493 856
690 847
247 296
381 346
232 546
766 996
852 700
369 611
12 430
104 429
858 472
129 846
374 284
390 939
976 222
24 486
485 515
375 221
642 291
657 389
707 262
963 686
867 346
734 405
852 819
842 447
950 80
326 826
159 399
444 384
184 553
964 428
753 303
249 32
604 338
267 624
33 231
882 472
677 712
774 158
415 172
85 434
945 208
179 134
807 549
345 46
998 946
583 957
641 591
338 534
185 175
238 892
815 569
671 187
729 934
54 388
248 690
622 72
727 999
134 249
219 788
748 762
393 499
250 242
777 962
799 370
333 501
43 483
682 587
911 780
87 438
523 621
430 862
700 640
844 250
396 133
613 385
33 26
225 58
549 56
380 446
97 454
252 559
647 206
734 158
743 581
690 884
416 433
1000 835
943 405
377 729
932 30
493 624
154 974
293 94
853 884
888 773
872 381
880 480
373 767
551 335
571 21
551 848
898 527
353 218
440 198
449 320
538 645
441 280
866 582
900 654
151 642
976 33
340 804
120 486
235 295
9 140
888 842
367 517
729 875
231 76
323 185
344 131
663 88
784 873
5 144
580 492
237 128
176 67
384 323
712 249
519 122
825 168
838 827
337 507
288 31
509 295
166 18
942 422
382 57
932 393
245 818
501 217
654 706
26 413
542 630
141 661
808 189
968 741
174 99
233 758
612 23
590 163
112 614
321 778
910 290
504 466
797 839
994 709
474 970
201 960
707 11
718 847
455 239
824 435
125 622
757 731
909 769
333 543
55 722
259 556
810 33
788 628
19 183
97 912
560 695
486 791
794 544
461 38
618 130
814 839
800 541
96 25
22 18
687 584
329 138
518 474
41 903
763 501
55 454
261 575
115 127
345 890
218 393
254 293
751 246
841 146
9 393
453 767
28 970
362 998
506 215
514 156
213 873
886 751
409 16
549 335
14 151
43 8
630 671
218 728
583 341
367 787
411 263
523 848
52 661
663 553
411 764
178 566
535 965
713 647
770 283
65 27
208 197
829 701
500 281
922 158
323 715
472 321
190 480
851 791
628 944
821 43
225 603
188 84
565 331
632 316
141 813
688 957
996 254
588 719
707 317
574 701
383 492
191 263
270 10
989 87
247 616
651 739
860 782
626 463
436 427
398 113
32 881
355 48
864 468
445 467
168 288
997 73
894 422
592 484
685 108
448 895
62 184
55 904
793 971
491 204
361 303
199 138
269 599
538 295
806 45
451 581
137 306
891 276
686 343
928 164
273 844
906 540
283 401
230 51
899 595
531 455
959 878
480 251
307 735
790 200
47 842
170 458
869 550
206 631
196 100
214 256
870 210
582 719
976 228
830 690
315 780
527 671
843 127
177 942
514 174
254 318
98 342
50 424
345 146
140 443
805 155
805 32
6 391
335 26
631 452
149 704
650 275
311 960
342 95
743 656
829 918
662 245
529 486
644 856
712 265
488 271
552 269
243 97
806 597
618 434
200 355
998 690
870 173
696 862
611 77
121 52
661 212
295 397
639 494
57 136
738 927
357 241
441 781
44 429
360 210
424 880
667 557
717 573
953 777
469 505
54 940
198 662
486 489
652 404
836 274
848 822
307 608
535 764
230 915
139 513
839 295
878 508
1000 349
359 278
200 900
456 319
726 859
324 295
651 253
803 326
473 250
68 819
232 981
787 765
131 565
306 1
568 569
711 73
681 434
583 902
207 351
337 23
216 185
538 386
843 992
662 239
18 771
378 85
692 71
976 99
37 454
437 762
529 503
581 605
431 853
261 731
892 306
535 194
131 831
819 258
622 860
356 540
787 301
758 409
567 479
527 38
700 96
274 372
448 393
142 742
226 349
20 705
884 311
611 479
764 435
60 334
470 230
993 309
855 496
698 533
755 911
857 545
312 899
497 332
1 650
192 561
438 363
342 390
350 180
105 533
477 242
133 691
798 429
93 871
772 978
802 1
298 646
110 816
908 266
464 101
928 87
881 796
690 131
327 644
778 703
32 425
842 846
152 439
602 126
812 468
743 282
168 996
472 141
922 723
290 589
809 401
57 421
357 977
169 302
644 554
133 366
299 1
395 821
58 546
160 39
336 795
365 82
777 798
196 427
193 720
17 200
239 817
133 749
281 128
282 733
563 42
628 834
869 811
335 198
219 423
188 797
823 282
776 200
974 353
614 276
300 746
280 13
236 557
131 582
312 691
307 974
567 674
348 346
76 954
697 868
118 405
751 285
492 198
854 811
141 783
659 147
387 468
510 727
764 829
730 902
657 392
471 325
951 909
198 942
393 844
719 683
896 203
332 487
662 605
381 79
609 846
434 585
728 982
806 471
460 119
761 353
475 502
832 181
662 994
985 7
970 493
651 332
928 739
987 659
394 990
997 780
693 173
193 434
975 869
473 319
885 195
198 789
358 846
934 714
962 779
832 900
202 869
218 292
141 488
18 470
699 757
565 7
994 402
798 839
653 222
636 93
359 716
176 227
882 313
210 653
220 74
421 42
973 532
222 29
66 795
211 677
721 100
348 725
203 195
893 785
571 600
795 273
849 933
873 1000
227 983
584 759
351 734
304 88
374 708
544 174
642 172
601 767
365 701
464 328
808 657
839 478
607 274
958 431
780 662
760 892
143 157
600 7
848 454
606 926
586 788
161 1000
493 393
605 81
582 633
36 754
198 133
668 35
551 347
26 878
493 744
738 441
32 997
492 54
162 566
639 116
88 579
204 668
647 952
979 52
117 129
522 999
148 783
937 804
803 408
421 922
877 107
901 996
678 594
629 213
102 961
469 605
379 668
238 251
635 871
913 74
791 874
653 460
838 97
708 801
957 277
364 261
767 665
974 865
564 257
345 558
208 63
109 523
573 157
515 297
135 741
53 672
247 626
198 90
130 949
649 548
249 6
987 412
990 493
169 453
991 84
229 985
470 751
707 337
840 460
3 557
337 314
627 694
999 7
158 555
646 788
548 926
786 513
753 470
968 34
887 223
646 990
873 562
929 467
252 331
903 108
887 988
690 990
698 662
843 641
931 671
420 73
681 286
316 238
131 349
724 429
596 323
506 662
590 408
977 642
693 941
227 19
916 585
43 225
657 287
199 9
409 846
86 911
748 132
666 254
813 407
165 507
897 37
43 266
53 777
294 680
428 593
89 474
27 732
966 272
308 784
631 69
690 65
40 416
520 87
547 490
185 15
652 351
205 432
34 935
653 704
75 194
349 401
756 85
846 584
189 689
786 124
4 379
660 368
907 578
889 659
740 150
474 676
403 515
452 203
767 196
269 209
278 648
539 374
707 662
617 822
594 869
34 476
883 351
16 439
780 435
565 170
65 593
465 641
1 664
753 145
778 752
238 686
123 89
584 103
798 659
844 905
182 600
780 87
36 711
418 117
263 59
396 399
615 49
575 1
667 784
625 635
200 485
317 806
157 833
133 637
528 988
73 254
740 828
548 492
862 892
393 49
599 422
581 572
390 566
156 684
504 511
316 876
583 846
922 879
39 422
240 892
592 819
448 697
654 997
837 247
34 26
923 164
46 750
192 544
762 234
134 967
68 980
569 924
259 846
290 263
839 973
769 42
10 274
637 682
176 128
747 310
831 305
845 585
576 172
433 330
396 855
846 494
816 910
767 654
618 87
708 401
176 956
928 803
751 479
333 979
52 294
467 221
780 342
610 188
65 256
633 300
877 401
455 560
459 189
863 373
141 975
409 41
936 643
132 787
950 551
224 638
655 262
657 175
289 716
157 502
34 519
68 815
129 631
446 999
64 711
146 239
486 357
775 873
919 617
679 555
736 255
813 948
157 68
144 249
658 817
28 464
102 417
631 306
530 968
11 536
984 523
342 466
298 111
88 740
44 385
83 643
368 376
32 983
639 198
472 352
756 921
91 60
52 785
342 102
372 913
631 225
662 969
142 279
990 639
245 247
